100
1000
39 5
41 5
27 2
39 5
33 4
42 6
28 4
44 6
43 6
44 5
28 3
25 3
35 4
31 3
33 4
27 3
28 4
37 4
31 3
42 5
36 4
39 4
27 2
41 4
26 3
33 3
26 3
40 4
43 4
43 5
28 3
25 2
37 3
40 5
35 3
36 4
43 5
44 5
44 6
36 5
35 3
42 4
34 4
26 3
35 3
29 4
35 4
43 5
39 4
42 4
41 4
35 4
28 4
29 4
28 3
39 4
30 3
30 4
26 3
25 3
32 4
34 3
38 4
28 3
36 4
40 5
30 3
45 6
45 5
39 4
38 5
28 2
35 4
33 3
39 5
35 3
45 5
26 3
27 3
44 5
39 5
32 3
26 3
41 4
44 4
36 4
31 3
45 6
39 4
27 3
40 4
39 4
40 5
32 4
35 3
40 5
33 4
43 5
30 3
38 4
32 4
45 6
33 3
32 3
39 5
37 5
38 4
45 5
39 5
42 6
28 2
39 4
29 4
37 5
28 3
26 3
35 4
41 4
45 4
42 5
42 5
34 3
42 4
33 3
28 3
39 4
26 2
36 4
36 4
39 4
25 2
40 4
26 3
39 5
43 6
28 3
28 3
28 3
40 5
31 4
25 3
30 4
35 5
26 3
42 5
39 4
33 4
36 4
42 4
38 4
32 3
39 5
32 3
27 2
29 3
25 2
29 4
28 4
33 4
38 5
36 3
39 4
31 4
30 3
37 4
29 3
29 3
38 5
39 5
38 4
39 4
30 3
40 5
42 4
31 4
41 4
43 6
45 5
30 4
25 2
35 3
42 5
30 4
37 4
44 5
44 6
43 6
32 4
44 6
31 4
27 3
32 3
35 4
40 4
42 5
45 5
31 4
33 4
32 3
34 3
36 4
45 5
28 3
39 3
35 4
40 5
28 3
41 4
38 4
27 2
33 4
29 4
35 4
28 3
41 5
29 3
41 6
37 5
29 3
26 2
27 3
28 3
28 4
41 5
28 3
42 4
40 4
41 6
31 4
29 2
26 3
40 4
40 4
36 4
44 5
26 3
41 5
30 3
33 4
36 4
33 4
41 5
25 3
34 3
30 4
42 5
37 5
34 5
29 3
37 4
32 4
41 4
29 2
45 4
33 3
32 3
29 4
38 4
41 6
38 4
42 4
44 6
26 3
38 4
26 3
41 5
27 3
32 3
39 4
28 3
36 5
39 4
44 4
41 5
42 4
27 3
38 4
45 6
38 4
34 4
43 4
33 3
43 4
28 3
45 5
27 2
40 5
34 5
42 4
29 3
33 3
43 4
33 4
26 3
34 4
40 5
41 5
33 3
34 3
26 3
33 3
40 5
42 4
29 3
27 2
26 3
36 4
43 6
38 4
27 4
32 3
45 5
37 4
40 4
26 3
26 2
34 4
32 4
30 3
36 4
43 6
25 2
35 3
44 6
35 4
25 2
28 4
33 3
39 5
37 4
38 5
42 5
33 3
45 5
28 3
28 3
42 6
35 5
37 4
28 3
28 3
40 4
39 4
28 4
26 3
38 4
39 4
33 4
31 3
25 3
39 5
39 4
27 3
35 4
43 5
30 3
40 5
43 5
40 4
33 3
43 4
29 3
32 4
36 4
38 4
28 2
40 4
36 4
27 3
26 2
40 5
38 4
36 4
39 4
44 6
30 3
39 4
40 4
29 3
25 3
36 4
39 5
32 3
45 5
35 4
25 3
26 2
44 6
39 4
32 3
34 4
33 4
33 4
36 3
45 5
31 4
26 2
28 3
28 2
30 4
41 4
26 3
26 3
34 4
39 4
43 5
38 5
34 5
40 4
31 3
31 4
33 4
33 4
43 4
40 5
33 4
41 5
31 3
31 3
34 4
29 3
33 4
25 3
29 2
43 5
26 3
39 5
28 3
33 4
44 6
36 4
26 3
37 4
26 3
45 5
40 4
44 6
40 4
27 3
29 3
42 4
34 3
44 4
27 3
25 3
26 2
40 4
34 4
30 3
41 4
38 4
25 2
39 5
43 5
28 3
37 4
43 4
45 6
33 4
26 3
38 4
33 3
27 3
32 3
26 3
35 5
43 5
45 6
34 4
34 4
26 3
43 6
25 2
44 5
25 2
42 4
26 3
26 3
33 3
40 4
29 3
26 3
28 3
37 3
43 5
42 4
34 4
43 4
31 4
44 4
44 5
38 3
38 4
39 3
30 4
43 5
31 4
30 3
36 3
37 4
33 4
36 5
36 4
34 3
25 3
40 5
45 5
45 6
39 5
34 3
38 4
37 5
40 5
26 3
39 5
37 4
38 4
41 4
44 5
42 5
41 4
35 4
38 5
41 5
39 3
43 5
32 3
37 5
32 3
38 5
37 5
26 3
45 4
36 4
41 4
40 5
36 4
42 6
42 5
37 5
40 5
45 5
35 4
33 3
44 4
45 5
37 4
44 6
36 3
34 5
28 3
30 3
28 3
45 4
36 4
34 3
25 2
28 3
45 5
42 5
28 3
43 4
40 5
32 4
27 2
35 4
33 3
33 4
33 4
26 3
31 3
31 3
28 3
40 5
45 6
25 2
41 5
44 5
37 4
25 3
40 5
37 4
29 2
42 4
25 3
34 4
30 3
40 4
41 5
27 3
42 5
30 3
34 4
29 4
44 6
45 5
31 3
39 4
28 3
43 6
25 3
34 4
39 3
35 4
35 3
27 2
36 5
36 5
34 4
36 5
43 6
26 3
26 3
38 5
43 4
37 5
39 4
45 5
27 3
35 4
31 3
35 4
32 3
40 5
39 5
33 4
38 4
43 5
35 3
45 4
34 4
41 5
38 5
38 5
30 3
29 4
32 4
38 4
30 3
41 4
36 5
35 4
28 3
26 3
41 5
41 4
29 3
33 3
25 3
36 4
27 2
45 6
35 3
39 5
39 5
29 3
34 4
38 4
30 3
33 4
35 5
40 4
35 4
31 3
33 4
42 4
29 3
43 5
38 4
25 2
29 4
25 3
42 5
40 5
30 3
43 6
39 5
34 3
43 5
44 4
40 5
45 5
27 3
26 3
37 4
26 2
33 4
26 3
37 4
34 3
37 4
32 4
40 4
40 5
32 3
27 2
42 5
25 3
31 4
37 5
39 4
41 5
30 4
26 3
28 4
43 5
33 4
33 3
35 3
41 5
31 3
42 5
40 4
39 4
30 3
27 3
35 3
39 4
30 3
37 5
45 4
31 4
30 3
43 6
33 3
39 4
40 5
28 3
43 5
37 3
33 3
39 5
38 4
31 4
29 3
33 3
27 3
44 4
42 6
40 4
40 5
33 3
29 4
39 4
43 4
34 4
31 3
37 4
45 6
25 3
41 4
33 4
27 3
43 4
41 5
42 4
44 6
43 5
36 3
37 5
39 5
35 3
44 5
43 5
34 4
41 4
29 3
38 5
39 4
31 4
42 4
30 3
30 4
38 5
32 4
41 4
34 4
26 3
40 5
27 3
34 3
28 2
31 3
37 5
31 3
29 3
26 3
29 3
40 4
31 3
35 4
36 5
37 4
41 6
33 3
42 4
37 4
34 4
40 5
45 6
37 5
30 3
32 3
34 4
45 6
30 4
41 5
25 3
43 6
32 3
29 3
35 5
34 3
25 3
25 2
25 2
44 4
28 3
39 5
26 3
29 4
26 3
27 3
34 4
37 4
28 3
38 5
31 4
38 4
36 3
26 3
33 4
25 3
35 5
45 4
39 4
37 5
35 5
33 4
41 5
37 4
40 5
41 4
37 4
31 4
36 4
31 3
35 3
42 5
34 4
37 4
45 6
29 3
43 4
31 4
39 4
26 3
31 4
40 5
44 5
29 3
35 4
45 4
36 4
45 5
36 4
42 6
25 3
34 4
39 5
29 4
42 5
33 4
32 4
27 3
44 6
25 2
25 3
37 4
42 4
36 4
29 3
37 4
26 3
32 4
27 3
39 5
45 6
33 4
35 3
37 5
43 4
45 6
36 4
36 3
34 4
27 3
41 5
27 3
36 5
36 4
27 3
44 4
28 2
28 3
31 3
34 5
32 3
43 5
45 5
41 5
27 3
31 3
26 3
43 5
36 4
45 6
38 4
40 5
34 3
27 3
30 4
37 3
29 4
31 3
45 5
30 3
39 4
30 4
37 4
40 4
42 5
37 5
36 4
28 3
40 5
39 5
25 3
25 3
33 3
43 4
28 4
42 6
25 3
45 6
27 3
34 3
32 4
43 5
42 5
43 5
40 4
29 3
45 6
40 4
38 5
42 6
25 3
39 5
34 3
28 3
34 4
33 4
29 3
37 4
45 4
26 3
28 3
25 2
33 3
29 3
26 3
30 3
45 4
27 3
31 3
43 4
34 4
31 4
31 4
27 3
28 3
34 3
38 5
35 5
39 5
45 6
45 5
33 4
40 4
31 4
37 4
43 6
40 5
32 3
38 4
28 3
42 6
44 6
41 5
