100
1002
34 4
23 2
43 5
41 5
24 3
35 5
39 5
29 4
32 3
39 4
27 3
34 3
39 5
27 2
34 4
35 4
24 2
41 6
35 4
22 2
43 4
40 5
20 2
40 4
48 6
22 2
30 3
42 4
21 2
37 4
35 5
21 2
44 5
36 4
27 3
37 4
35 4
30 4
35 4
41 4
26 3
33 4
33 4
25 3
42 5
37 5
30 3
33 3
33 4
32 3
35 3
34 4
27 3
39 4
48 6
25 2
27 3
33 4
32 3
35 4
42 5
27 2
31 4
47 5
22 2
31 3
40 4
22 2
38 4
35 4
29 3
36 4
37 5
27 3
36 3
36 3
25 2
39 4
36 4
28 3
36 3
39 4
27 3
34 4
33 4
24 3
43 6
42 6
22 2
36 4
40 4
25 3
35 3
43 4
23 3
34 4
40 5
27 3
33 4
38 4
22 2
40 4
42 5
26 2
32 3
38 4
26 3
36 5
41 4
25 3
34 4
43 5
18 2
39 5
43 5
24 3
33 4
42 5
24 2
34 3
46 4
21 2
33 4
35 3
21 3
44 6
33 3
26 2
41 4
44 5
21 2
35 4
46 4
19 2
35 4
39 5
20 2
41 5
43 6
21 2
36 3
35 3
31 4
34 4
34 4
29 3
37 4
44 6
26 3
30 4
39 4
27 2
34 3
47 6
18 1
35 4
48 7
24 3
28 3
43 4
22 2
35 3
46 6
23 2
31 3
43 6
21 3
36 3
47 5
18 2
35 4
35 4
31 4
34 3
35 4
30 3
35 4
39 4
27 3
34 4
41 6
21 2
38 4
47 5
21 2
32 4
37 5
22 2
41 5
36 3
22 3
42 5
47 6
21 2
32 3
44 6
21 2
35 3
46 6
21 3
33 3
47 6
20 2
33 4
42 5
21 2
37 4
37 5
25 3
38 5
33 3
28 3
39 4
36 4
27 3
37 4
34 4
28 2
38 4
42 5
21 2
37 4
47 6
21 2
32 3
47 6
25 3
28 2
41 5
27 3
32 4
41 5
27 2
32 3
41 4
24 3
35 3
37 4
28 3
35 4
37 5
25 3
38 5
48 6
17 2
35 4
40 4
22 2
38 5
41 5
23 2
36 5
47 5
19 1
34 4
44 6
24 3
32 4
45 4
19 2
36 4
46 4
26 3
28 3
38 4
29 4
33 4
33 4
32 3
35 4
36 4
28 3
36 5
46 5
24 2
30 4
43 5
21 2
36 5
45 5
18 1
37 5
37 4
22 3
41 4
37 3
20 2
43 5
34 4
27 3
39 4
38 4
28 3
34 4
45 5
26 3
29 3
47 5
17 1
36 3
48 6
23 2
29 3
43 4
22 2
35 5
41 5
21 2
38 4
44 4
19 2
37 4
35 4
29 3
36 4
46 5
19 1
35 3
35 4
24 2
41 5
46 4
19 1
35 5
35 4
24 3
41 5
38 4
20 2
42 6
36 3
21 2
43 5
43 5
23 2
34 4
34 3
31 3
35 4
43 4
20 2
37 5
39 5
29 2
32 3
39 5
21 2
40 4
45 6
23 3
32 4
39 3
25 2
36 5
40 4
20 2
40 5
41 4
23 2
36 3
46 5
25 2
29 3
44 5
22 2
34 4
41 5
19 1
40 4
47 5
20 2
33 4
47 6
22 2
31 4
45 4
22 2
33 4
35 3
23 2
42 5
45 6
24 2
31 3
37 5
28 3
35 5
36 5
22 2
42 4
45 6
20 2
35 4
38 4
26 3
36 4
40 5
20 2
40 4
45 4
24 2
31 4
34 4
24 2
42 5
41 5
20 2
39 4
46 6
23 2
31 4
36 5
28 4
36 4
39 4
23 2
38 4
34 4
24 3
42 4
35 4
22 2
43 6
38 4
25 3
37 4
43 4
23 3
34 4
40 4
25 3
35 4
42 4
20 2
38 4
36 4
28 3
36 4
40 5
29 3
31 3
45 6
18 2
37 4
45 6
22 3
33 4
45 6
25 3
30 4
35 4
29 4
36 4
39 4
25 3
36 3
40 4
29 2
31 3
35 4
25 2
40 4
36 5
21 2
43 6
47 5
24 2
29 3
39 4
28 4
33 4
48 5
23 2
29 3
48 5
17 1
35 3
36 4
21 2
43 5
45 5
26 3
29 4
33 3
28 2
39 4
34 4
24 3
42 5
35 4
29 4
36 4
34 4
28 3
38 4
38 5
20 2
42 5
42 6
26 3
32 3
42 6
25 3
33 4
34 3
32 4
34 4
34 4
29 3
37 5
38 5
22 3
40 4
46 5
18 2
36 4
38 4
28 4
34 4
35 5
24 2
41 4
43 4
24 3
33 4
46 5
24 3
30 4
39 4
24 2
37 5
46 6
23 2
31 4
40 4
28 3
32 3
39 4
29 4
32 3
35 4
27 3
38 4
46 6
22 2
32 3
35 3
30 3
35 3
36 4
21 2
43 4
37 4
27 3
36 3
40 5
20 2
40 4
43 4
25 2
32 3
39 4
29 3
32 4
43 6
22 2
35 4
41 5
23 2
36 4
40 4
25 2
35 4
44 5
27 4
29 4
37 4
25 3
38 4
35 4
31 3
34 4
43 4
24 3
33 4
45 5
23 3
32 3
47 5
24 2
29 3
42 4
26 3
32 3
42 6
28 3
30 3
38 3
25 2
37 3
46 6
19 2
35 5
41 4
23 2
36 4
47 5
21 2
32 3
38 4
22 3
40 5
43 5
27 2
30 3
34 4
25 2
41 5
48 5
21 2
31 4
34 4
26 3
40 4
37 4
21 2
42 5
48 5
23 2
29 3
33 3
31 3
36 4
35 4
31 4
34 4
45 6
24 3
31 3
48 6
21 2
31 4
48 7
23 2
29 3
39 4
28 3
33 3
38 5
23 2
39 5
35 4
26 2
39 4
36 4
29 3
35 3
33 4
26 2
41 5
47 6
19 2
34 3
45 6
22 2
33 3
35 4
30 3
35 4
40 5
20 2
40 5
43 6
23 3
34 3
45 5
24 2
31 4
44 6
22 2
34 4
41 5
22 2
37 4
43 5
26 3
31 4
42 5
24 2
34 4
35 4
28 2
37 5
44 5
21 2
35 3
45 5
25 3
30 4
37 4
28 2
35 4
36 4
30 4
34 3
43 5
22 3
35 3
46 6
19 2
35 4
45 6
23 2
32 3
38 5
25 3
37 5
40 4
23 2
37 4
42 4
20 2
38 5
41 4
22 2
37 4
39 5
29 4
32 4
40 4
23 3
37 4
47 5
23 2
30 3
35 4
30 4
35 3
42 5
27 3
31 3
43 6
20 2
37 4
45 5
26 2
29 4
34 4
31 4
35 4
44 4
22 2
34 3
36 3
24 2
40 4
43 6
25 3
32 3
46 4
22 3
32 3
44 6
25 2
31 3
34 4
31 3
35 5
42 5
25 2
33 4
41 5
23 2
36 4
42 4
23 2
35 4
35 4
21 2
44 4
43 4
25 3
32 3
45 6
19 2
36 4
42 5
19 2
39 4
45 6
26 2
29 3
38 4
23 2
39 5
43 6
25 3
32 4
45 5
21 2
34 4
46 4
18 2
36 4
47 6
21 2
32 4
36 3
26 3
38 4
40 5
20 2
40 4
39 4
27 2
34 4
33 3
28 4
39 4
36 4
26 3
38 4
33 4
29 3
38 4
34 4
22 2
44 5
45 6
19 2
36 4
46 6
18 2
36 4
35 4
29 3
36 4
42 5
22 3
36 4
42 4
24 3
34 4
33 4
25 3
42 5
37 5
20 2
43 4
38 4
29 3
33 4
35 4
27 2
38 4
45 6
18 2
37 5
37 5
21 2
42 6
37 4
28 3
35 3
35 4
24 2
41 4
40 5
21 3
39 5
34 4
25 3
41 4
35 4
25 3
40 5
35 4
21 2
44 6
35 4
27 3
38 5
34 4
29 2
37 3
48 7
24 2
28 4
45 4
21 3
34 4
37 5
26 3
37 3
47 6
19 2
34 3
33 3
27 3
40 4
43 6
21 2
36 4
46 5
19 2
35 4
45 4
23 3
32 4
48 5
21 2
31 3
48 4
17 2
35 4
43 4
27 2
30 3
44 6
27 2
29 3
36 3
23 2
41 6
40 5
29 4
31 3
34 4
32 4
34 4
37 5
26 3
37 5
46 5
19 2
35 4
44 4
19 2
37 5
36 5
27 2
37 5
46 6
17 1
37 5
38 4
21 2
41 5
41 6
25 3
34 4
35 4
21 2
44 4
33 4
30 3
37 4
45 5
21 2
34 4
44 5
21 2
35 4
46 5
20 2
34 4
46 6
19 2
35 4
36 4
28 3
36 4
40 5
29 4
31 3
43 6
22 2
35 4
48 5
21 2
31 3
35 4
24 3
41 5
35 5
29 4
36 4
47 5
24 3
29 3
45 5
23 2
32 3
40 5
23 2
37 4
44 4
27 3
29 3
44 6
23 3
33 3
